103.810310
108.312920
103.905563
104.851807
103.548141
103.524734
102.090187
102.275864
107.156746
103.252533
100.672333
100.279579
102.048584
102.959869
106.201401
107.859146
103.890106
101.689011
107.085434
98.117538
102.736717
109.835449
99.244087
107.625305
103.925659
106.588875
100.140793
99.257515
102.480362
107.531487
108.902260
104.643402
106.127884
99.507736
103.727852
104.766472
100.382256
99.355530
99.438560
102.434875
105.247894
101.942268
110.065704
99.940636
101.045441
102.561539
102.164032
103.715744
103.696762
105.235107
105.269577
97.407478
104.317841
107.026390
106.733475
98.655869
108.275627
103.040001
100.471748
99.426552
110.049622
107.920334
100.235138
101.984520
100.269264
106.977875
103.966881
100.056595
104.115280
107.533463
103.382591
102.742683
112.675606
102.757729
103.079079
98.695343
96.858582
104.272186
108.739128
99.307159
105.363693
99.355591
98.331367
109.355766
105.983093
108.062386
100.803406
98.355667
97.954781
107.710152
102.362167
108.002457
95.813065
104.949966
103.969154
103.990547
100.504440
100.800453
105.552917
104.783020
109.444969
106.186165
107.455688
104.894691
107.752037
104.145782
98.292923
105.527184
104.787285
105.996033
106.232346
105.310081
101.804672
103.323364
103.233452
104.846146
106.099113
102.336082
101.386368
104.789772
104.539909
103.152763
107.624901
105.006020
103.230553
101.992233
104.699028
102.778175
102.687096
101.969734
98.359077
99.897652
103.618034
100.455811
109.208420
103.460609
100.671028
106.425842
101.327614
104.763084
106.289383
105.415405
96.595070
98.086884
101.685989
102.677940
105.474449
102.941422
107.351875
100.359062
100.515633
102.484444
102.792015
106.828156
105.396492
108.915222
101.002792
104.067741
107.854774
104.103439
105.018478
106.395065
106.834198
103.050941
107.934387
101.130363
107.804253
100.475266
104.822037
99.920502
102.731987
100.491760
109.687714
100.579414
104.249695
102.255753
103.001595
99.897980
104.975174
107.866920
100.170143
103.130608
101.741035
108.882652
108.063248
100.521126
110.050110
105.185669
104.408485
102.372925
102.786324
104.637115
106.993332
104.802475
98.156013
102.479515
94.731255
102.772713
108.013687
111.040993
100.407997
103.937263
104.210510
101.783813
98.971985
107.062721
92.911537
103.481552
96.270935
98.008118
107.107193
108.000244
103.947624
103.381050
104.577332
102.369629
105.416031
105.649109
100.462860
108.024658
108.726219
105.120682
103.195724
103.115387
98.754028
102.602394
104.886246
106.994530
104.602333
105.993805
106.528946
103.777168
105.926239
96.636635
101.855713
102.454712
102.594208
102.657570
102.728722
104.236763
108.461258
108.098930
102.659241
97.152412
97.489029
98.862267
106.169556
107.350113
107.356285
103.332321
104.235809
106.995735
103.906441
99.454765
100.944168
103.534264
103.659706
101.335434
103.512047
114.990280
92.514893
103.318634
102.323166
104.842651
112.042252
102.590416
100.052795
105.778526
106.508705
97.971115
106.200676
103.418404
105.195427
102.557228
103.286804
105.694221
107.050659
101.579979
102.453094
107.322411
102.005775
101.946426
101.566505
105.970055
106.694252
104.976608
105.255737
95.601440
98.948586
105.358856
97.349846
100.705200
109.751091
100.201820
98.542854
101.344101
104.149597
102.749969
102.385223
107.889076
103.385017
101.064598
98.504379
100.899940
102.990807
99.686226
104.016785
106.443466
100.048698
102.244614
107.633339
104.507233
104.276917
102.244904
105.021431
104.641861
97.055405
107.922997
102.699280
104.129570
107.142265
107.992729
106.062775
106.815056
101.141296
104.060730
106.727882
100.391129
102.456230
108.342651
97.952789
106.818268
98.757011
105.728050
108.597595
98.496254
106.931252
100.663628
99.878891
102.825020
103.578484
102.541565
106.798920
102.749886
102.134483
107.560913
104.651169
102.386452
106.660393
98.750267
100.793800
101.927490
104.594498
102.700516
102.598137
104.097534
104.765472
105.537567
105.408142
97.882462
103.736206
102.734230
102.044357
107.122757
100.335480
102.664986
101.553299
110.978760
106.446785
101.531982
102.912659
105.165924
103.808220
103.838501
108.757271
105.320137
103.012726
103.371460
104.298820
108.472778
108.905449
105.619423
101.978073
108.751640
98.383156
98.959557
102.071281
104.172333
102.972366
99.710251
106.010406
105.595016
104.420471
110.874184
98.572853
103.729851
102.486595
105.009193
100.414085
98.678154
108.682014
106.726578
100.759056
102.791710
99.654915
98.394730
110.712349
103.932182
94.499657
102.523750
107.883789
102.445374
103.166878
99.588898
102.480217
100.709656
104.715408
100.567368
98.725044
103.082748
105.840248
97.216408
102.843529
106.868683
106.041885
100.539131
100.041039
106.309669
100.399933
101.092453
104.288818
111.272690
106.360001
99.845062
110.200256
101.901299
98.819290
96.821312
100.662025
101.370338
99.172852
104.231743
106.020279
101.325737
102.575027
105.146164
95.749001
103.150215
103.596390
96.976959
109.448204
103.129974
102.597069
100.750069
96.185753
104.279755
104.191330
98.866142
102.291809
106.550415
108.815735
102.825378
96.770164
99.831718
100.008469
107.070328
103.028656
105.916206
100.181374
105.165970
106.738594
107.961685
103.962288
102.268784
99.767426
104.124474
101.663437
104.462929
100.278374
104.122322
101.283577
104.275108
94.510956
104.335411
104.797737
103.756973
102.328087
102.997314
102.664848
107.576454
107.677925
100.242325
100.491310
100.294907
96.288467
107.776764
107.093544
102.072441
95.737167
103.486900
103.963387
105.574280
110.167702
100.790405
102.165985
100.743225
101.998192
102.116478
103.366562
109.451988
105.372108
101.211220
99.195061
103.851341
101.044334
102.368004
107.884071
103.940407
102.612305
108.685623
105.243553
103.949638
101.059998
100.863083
104.607613
102.738838
101.230644
100.940895
103.634888
102.838394
105.782356
98.740929
107.789223
101.852402
108.032677
109.389122
102.771896
99.154190
107.405922
103.976158
103.947891
105.391754
98.820930
101.447662
98.261253
102.382713
107.411324
102.837204
104.790009
103.830261
105.136703
107.828247
96.022667
105.123207
104.767982
101.418358
97.927315
101.075516
103.278282
105.381134
104.638817
101.806740
101.110985
105.030449
109.271675
103.473068
107.888306
103.163055
104.426987
104.090942
102.255775
101.367340
100.154350
106.578514
103.078239
95.736649
106.814583
103.184845
107.044975
102.088089
100.448341
99.720039
99.227104
99.503136
100.834282
108.224655
106.612190
103.218376
103.282654
98.367226
101.996399
109.181152
97.588486
105.127396
104.953461
103.401588
97.516197
104.352112
110.056358
98.303459
104.132889
99.920769
94.010231
104.594284
98.590569
104.964149
101.580009
102.993156
104.372139
104.569946
103.501564
100.626930
101.767006
101.539696
99.772308
101.322151
106.994362
103.204498
102.835960
108.537270
100.985138
101.085106
100.903465
107.220352
93.691414
101.625504
105.429092
104.597221
103.595390
99.219185
101.901382
105.473022
106.396828
105.604805
99.550346
103.140625
95.302551
105.627892
101.656921
99.963394
108.912033
103.089050
109.071419
108.362755
100.105408
103.003441
102.890709
103.603951
105.066269
102.219086
105.658073
105.718048
105.150116
100.811378
101.884460
99.431557
102.665321
103.405113
104.626472
104.525986
107.421837
100.654449
103.361687
102.450279
101.301102
105.520187
101.580231
100.911850
109.603180
98.777428
104.835754
99.923737
101.010315
106.792686
99.932503
96.546959
97.850327
106.625809
101.704605
105.615059
102.123070
101.349297
107.657967
104.349205
102.350883
102.082932
106.903313
101.938454
104.531578
106.096054
101.655525
110.172142
103.415962
107.474419
101.435699
97.312820
101.640030
110.462318
103.474586
102.798813
101.523453
104.553276
102.360641
102.737083
101.846291
98.897522
112.994888
103.273392
99.640495
108.722198
101.796997
106.921097
103.092094
100.481331
99.327553
105.188751
95.104355
95.449677
103.771736
105.988014
101.115517
110.518242
108.782188
109.297432
106.476883
104.347458
112.278236
107.781311
100.843262
100.106064
102.760406
99.106110
99.776848
108.045776
108.159950
105.858971
104.992287
98.429573
111.309052
105.297348
104.023544
100.009148
96.296883
97.608841
100.448090
103.310059
100.033493
103.065590
102.244804
104.161789
99.353462
104.313065
102.597260
103.365829
101.941925
107.518272
108.068741
105.601036
103.325684
107.791817
100.804199
106.573402
109.648285
106.478523
104.075417
105.808189
110.715134
106.237320
100.163574
98.033134
96.408211
104.244499
104.979225
108.394104
104.855179
106.560265
104.428932
102.465218
103.208740
98.090210
103.761429
95.730507
101.081978
100.849762
104.025047
99.621254
113.784828
103.843651
104.596573
102.983589
102.102333
102.869003
101.708275
105.691727
113.533669
105.246284
108.708382
106.578865
104.033188
103.277420
111.171158
100.882133
102.640816
104.279823
103.482147
97.800346
97.615952
106.428238
103.016411
104.896172
103.245750
104.314552
94.547081
95.398819
96.272881
108.026718
97.589912
101.059029
95.058273
107.246758
100.961952
97.324715
106.111267
103.647697
100.300407
103.803177
107.241539
106.960167
104.236427
106.720108
98.240227
103.060043
99.478035
98.643044
104.760963
102.441353
106.228432
105.006416
101.186646
106.871162
105.877838
101.567093
107.517082
103.894577
102.787476
102.217613
101.357712
110.030861
110.533073
108.068504
110.144371
105.087532
102.448448
103.578209
100.470512
104.764587
108.143036
102.373451
103.156319
106.012306
102.784515
105.795128
102.044746
103.899460
103.754128
101.708290
103.502441
98.262939
99.886101
110.732300
99.432968
103.095589
105.131584
103.566704
103.286163
104.676849
103.438751
104.088783
97.904213
101.761139
105.087784
106.781349
104.539276
103.630737
105.451355
98.396721
108.027512
105.963188
105.934280
105.953590
103.202927
98.852058
105.356117
108.376503
100.236046
105.434677
101.958939
104.681450
105.173492
103.540886
104.636864
103.460579
105.685211
99.253708
106.996719
103.899902
111.770584
106.128403
106.711845
101.577621
104.149643
105.705650
100.424072
105.677917
102.642372
101.020149
104.225075
101.295540
100.394463
106.305542
105.575722
100.378357
102.106583
104.240273
100.985184
101.660156
106.513161
106.488602
95.560005
102.815063
99.722687
103.990616
104.046684
102.228630
99.303993
101.955429
101.301765
105.978477
101.409264
96.724808
99.675323
106.010422
101.633362
100.413246
104.349731
109.790527
102.858406
106.834793
101.044273
100.898041
100.196564
105.236633
102.400108
107.602219
101.783859
106.647110
97.677315
99.559990
103.315125
98.658676
99.836624
100.839417
109.212234
102.790260
104.794792
104.883049
105.959190
105.085976
102.019249
108.950348
104.977074
99.867851
101.588989
111.776634
97.856972
102.611374
101.249878
107.075699
107.424606
103.689873
103.633018
105.731163
109.575661
98.521416
105.685547
99.950768
100.877136
103.954239
99.894058
106.197289
105.302094
98.654060
106.781464
107.318916
103.874954
101.981163
102.334351
96.444298
105.358124
107.076820
